0	3141
1	3151
2	3162
3	3173
4	3183
5	3194
6	3205
7	3216
8	3227
9	3238
10	3249
11	3260
12	3271
13	3282
14	3293
15	3304
16	3316
17	3327
18	3338
19	3350
20	3361
21	3373
22	3385
23	3396
24	3408
25	3420
26	3432
27	3444
28	3456
29	3468
30	3480
31	3492
32	3504
33	3517
34	3529
35	3541
36	3554
37	3566
38	3579
39	3592
40	3604
41	3617
42	3630
43	3643
44	3656
45	3669
46	3682
47	3695
48	3708
49	3721
50	3735
51	3748
52	3762
53	3775
54	3789
55	3802
56	3816
57	3830
58	3844
59	3858
60	3872
61	3886
62	3900
63	3914
64	3928
65	3943
66	3957
67	3971
68	3986
69	4000
70	4015
71	4030
72	4045
73	4059
74	4074
75	4089
76	4105
77	4120
78	4135
79	4150
80	4166
81	4181
82	4196
83	4212
84	4228
85	4243
86	4259
87	4275
88	4291
89	4307
90	4323
91	4339
92	4356
93	4372
94	4388
95	4405
96	4422
97	4438
98	4455
99	4472
100	4489
101	4506
102	4523
103	4540
104	4557
105	4574
106	4592
107	4609
108	4627
109	4644
110	4662
111	4680
112	4698
113	4716
114	4734
115	4752
116	4770
117	4788
118	4807
119	4825
120	4844
121	4862
122	4881
123	4900
124	4919
125	4938
126	4957
127	4976
128	4995
129	5015
130	5034
131	5054
132	5073
133	5093
134	5113
135	5133
136	5153
137	5173
138	5193
139	5213
140	5233
141	5254
142	5274
143	5295
144	5316
145	5337
146	5358
147	5379
148	5400
149	5421
150	5442
151	5464
152	5485
153	5507
154	5529
155	5551
156	5572
157	5595
158	5617
159	5639
160	5661
161	5684
162	5706
163	5729
164	5752
165	5774
166	5797
167	5821
168	5844
169	5867
170	5890
171	5914
172	5937
173	5961
174	5985
175	6009
176	6033
177	6057
178	6081
179	6106
180	6130
181	6155
182	6180
183	6204
184	6229
185	6254
186	6280
187	6305
188	6330
189	6356
190	6381
191	6407
192	6433
193	6459
194	6485
195	6511
196	6538
197	6564
198	6591
199	6617
200	6644
201	6671
202	6698
203	6725
204	6753
205	6780
206	6808
207	6835
208	6863
209	6891
210	6919
211	6947
212	6976
213	7004
214	7033
215	7061
216	7090
217	7119
218	7148
219	7177
220	7207
221	7236
222	7266
223	7296
224	7325
225	7355
226	7386
227	7416
228	7446
229	7477
230	7508
231	7538
232	7569
233	7600
234	7632
235	7663
236	7695
237	7726
238	7758
239	7790
240	7822
241	7854
242	7887
243	7919
244	7952
245	7985
246	8018
247	8051
248	8084
249	8117
250	8151
251	8184
252	8218
253	8252
254	8286
255	8321
256	8355
257	8390
258	8424
259	8459
260	8494
261	8530
262	8565
263	8600
264	8636
265	8672
266	8708
267	8744
268	8780
269	8817
270	8853
271	8890
272	8927
273	8964
274	9001
275	9039
276	9076
277	9114
278	9152
279	9190
280	9228
281	9266
282	9305
283	9344
284	9382
285	9422
286	9461
287	9500
288	9540
289	9579
290	9619
291	9659
292	9700
293	9740
294	9781
295	9821
296	9862
297	9903
298	9945
299	9986
300	10028
301	10069
302	10111
303	10154
304	10196
305	10238
306	10281
307	10324
308	10367
309	10410
310	10454
311	10497
312	10541
313	10585
314	10629
315	10674
316	10718
317	10763
318	10808
319	10853
320	10898
321	10944
322	10989
323	11035
324	11081
325	11127
326	11174
327	11220
328	11267
329	11314
330	11361
331	11409
332	11456
333	11504
334	11552
335	11600
336	11649
337	11697
338	11746
339	11795
340	11844
341	11894
342	11943
343	11993
344	12043
345	12093
346	12143
347	12194
348	12245
349	12296
350	12347
351	12399
352	12450
353	12502
354	12554
355	12606
356	12659
357	12711
358	12764
359	12817
360	12871
361	12924
362	12978
363	13032
364	13086
365	13141
366	13195
367	13250
368	13305
369	13360
370	13416
371	13472
372	13528
373	13584
374	13640
375	13697
376	13754
377	13811
378	13868
379	13925
380	13983
381	14041
382	14099
383	14158
384	14216
385	14275
386	14334
387	14393
388	14453
389	14513
390	14573
391	14633
392	14693
393	14754
394	14815
395	14876
396	14938
397	14999
398	15061
399	15123
400	15186
401	15248
402	15311
403	15374
404	15437
405	15501
406	15565
407	15629
408	15693
409	15758
410	15822
411	15887
412	15953
413	16018
414	16084
415	16150
416	16216
417	16283
418	16349
419	16416
420	16483
421	16551
422	16619
423	16687
424	16755
425	16823
426	16892
427	16961
428	17030
429	17100
430	17169
431	17239
432	17310
433	17380
434	17451
435	17522
436	17593
437	17665
438	17736
439	17808
440	17881
441	17953
442	18026
443	18099
444	18173
445	18246
446	18320
447	18394
448	18469
449	18543
450	18618
451	18693
452	18769
453	18844
454	18920
455	18997
456	19073
457	19150
458	19227
459	19304
460	19382
461	19460
462	19538
463	19616
464	19695
465	19774
466	19853
467	19932
468	20012
469	20092
470	20172
471	20253
472	20334
473	20415
474	20496
475	20578
476	20660
477	20742
478	20825
479	20907
480	20990
481	21074
482	21157
483	21241
484	21325
485	21410
486	21494
487	21579
488	21664
489	21750
490	21836
491	21922
492	22008
493	22095
494	22182
495	22269
496	22356
497	22444
498	22532
499	22621
500	22709
501	22798
502	22887
503	22977
504	23066
505	23156
506	23247
507	23337
508	23428
509	23519
510	23611
511	23702
512	23794
513	23887
514	23979
515	24072
516	24165
517	24259
518	24352
519	24446
520	24541
521	24635
522	24730
523	24825
524	24921
525	25016
526	25112
527	25209
528	25305
529	25402
530	25499
531	25596
532	25694
533	25792
534	25890
535	25989
536	26088
537	26187
538	26286
539	26386
540	26486
541	26586
542	26687
543	26788
544	26889
545	26990
546	27092
547	27194
548	27296
549	27399
550	27502
551	27605
552	27708
553	27812
554	27916
555	28020
556	28125
557	28230
558	28335
559	28440
560	28546
561	28652
562	28758
563	28865
564	28972
565	29079
566	29186
567	29294
568	29402
569	29510
570	29619
571	29728
572	29837
573	29946
574	30056
575	30166
576	30276
577	30386
578	30497
579	30608
580	30720
581	30831
582	30943
583	31055
584	31168
585	31280
586	31393
587	31507
588	31620
589	31734
590	31848
591	31963
592	32077
593	32192
594	32308
595	32423
596	32539
597	32655
598	32771
599	32888
600	33005
601	33122
602	33239
603	33357
604	33475
605	33593
606	33711
607	33830
608	33949
609	34068
610	34188
611	34308
612	34428
613	34548
614	34669
615	34789
616	34910
617	35032
618	35153
619	35275
620	35398
621	35520
622	35643
623	35765
624	35889
625	36012
626	36136
627	36260
628	36384
629	36508
630	36633
631	36758
632	36883
633	37009
634	37134
635	37260
636	37386
637	37513
638	37639
639	37766
640	37894
641	38021
642	38149
643	38276
644	38405
645	38533
646	38662
647	38790
648	38919
649	39049
650	39178
651	39308
652	39438
653	39568
654	39699
655	39829
656	39960
657	40091
658	40223
659	40354
660	40486
661	40618
662	40750
663	40883
664	41016
665	41149
666	41282
667	41415
668	41549
669	41682
670	41816
671	41950
672	42085
673	42219
674	42354
675	42489
676	42624
677	42760
678	42896
679	43031
680	43167
681	43304
682	43440
683	43577
684	43713
685	43850
686	43988
687	44125
688	44263
689	44400
690	44538
691	44677
692	44815
693	44953
694	45092
695	45231
696	45370
697	45509
698	45649
699	45788
700	45928
701	46068
702	46208
703	46348
704	46489
705	46629
706	46770
707	46911
708	47052
709	47193
710	47334
711	47476
712	47618
713	47760
714	47902
715	48044
716	48186
717	48328
718	48471
719	48614
720	48757
721	48900
722	49043
723	49186
724	49330
725	49473
726	49617
727	49761
728	49905
729	50049
730	50193
731	50337
732	50482
733	50626
734	50771
735	50916
736	51061
737	51206
738	51351
739	51496
740	51642
741	51787
742	51933
743	52079
744	52224
745	52370
746	52516
747	52663
748	52809
749	52955
750	53101
751	53248
752	53395
753	53541
754	53688
755	53835
756	53982
757	54129
758	54276
759	54423
760	54570
761	54718
762	54865
763	55012
764	55160
765	55307
766	55455
767	55603
768	55751
769	55898
770	56046
771	56194
772	56342
773	56490
774	56638
775	56787
776	56935
777	57083
778	57231
779	57380
780	57528
781	57676
782	57825
783	57973
784	58122
785	58270
786	58419
787	58567
788	58716
789	58865
790	59013
791	59162
792	59311
793	59459
794	59608
795	59757
796	59906
797	60054
798	60203
799	60352
800	60500
801	60649
802	60798
803	60947
804	61095
805	61244
806	61393
807	61542
808	61690
809	61839
810	61988
811	62136
812	62285
813	62434
814	62582
815	62731
816	62879
817	63028
818	63176
819	63325
820	63473
821	63621
822	63770
823	63918
824	64066
825	64214
826	64363
827	64511
828	64659
829	64807
830	64955
831	65103
832	65250
833	65398
834	65546
835	65694
836	65841
837	65989
838	66136
839	66283
840	66431
841	66578
842	66725
843	66872
844	67019
845	67166
846	67313
847	67460
848	67606
849	67753
850	67900
851	68046
852	68192
853	68338
854	68485
855	68631
856	68777
857	68922
858	69068
859	69214
860	69359
861	69505
862	69650
863	69795
864	69940
865	70085
866	70230
867	70375
868	70519
869	70664
870	70808
871	70952
872	71096
873	71240
874	71384
875	71528
876	71671
877	71815
878	71958
879	72101
880	72244
881	72387
882	72530
883	72673
884	72815
885	72957
886	73099
887	73241
888	73383
889	73525
890	73667
891	73808
892	73949
893	74090
894	74231
895	74372
896	74512
897	74653
898	74793
899	74933
900	75073
901	75213
902	75352
903	75492
904	75631
905	75770
906	75909
907	76048
908	76186
909	76324
910	76463
911	76601
912	76738
913	76876
914	77013
915	77151
916	77288
917	77424
918	77561
919	77697
920	77834
921	77970
922	78105
923	78241
924	78377
925	78512
926	78647
927	78782
928	78916
929	79051
930	79185
931	79319
932	79452
933	79586
934	79719
935	79852
936	79985
937	80118
938	80251
939	80383
940	80515
941	80647
942	80778
943	80910
944	81041
945	81172
946	81302
947	81433
948	81563
949	81693
950	81823
951	81952
952	82082
953	82211
954	82339
955	82468
956	82596
957	82725
958	82852
959	82980
960	83107
961	83235
962	83362
963	83488
964	83615
965	83741
966	83867
967	83992
968	84118
969	84243
970	84368
971	84493
972	84617
973	84741
974	84865
975	84989
976	85112
977	85236
978	85358
979	85481
980	85603
981	85726
982	85848
983	85969
984	86091
985	86212
986	86332
987	86453
988	86573
989	86693
990	86813
991	86933
992	87052
993	87171
994	87290
995	87408
996	87526
997	87644
998	87762
999	87879
1000	87996
1001	88113
1002	88230
1003	88346
1004	88462
1005	88578
1006	88693
1007	88809
1008	88924
1009	89038
1010	89153
1011	89267
1012	89381
1013	89494
1014	89608
1015	89721
1016	89833
1017	89946
1018	90058
1019	90170
1020	90281
1021	90393
1022	90504
1023	90615
1024	90725
1025	90835
1026	90945
1027	91055
1028	91164
1029	91273
1030	91382
1031	91491
1032	91599
1033	91707
1034	91815
1035	91922
1036	92029
1037	92136
1038	92243
1039	92349
1040	92455
1041	92561
1042	92666
1043	92771
1044	92876
1045	92981
1046	93085
1047	93189
1048	93293
1049	93396
1050	93499
1051	93602
1052	93705
1053	93807
1054	93909
1055	94011
1056	94112
1057	94213
1058	94314
1059	94415
1060	94515
1061	94615
1062	94715
1063	94814
1064	94913
1065	95012
1066	95111
1067	95209
1068	95307
1069	95405
1070	95502
1071	95599
1072	95696
1073	95792
1074	95889
1075	95985
1076	96080
1077	96176
1078	96271
1079	96366
1080	96460
