1	0	17	3141
2	17	43	3151
3	60	44	3162
4	104	63	3173
5	167	30	3183
6	197	92	3194
7	289	42	3205
8	331	78	3216
9	409	61	3227
10	470	78	3238
11	548	36	3249
12	584	128	3260
13	712	41	3270
14	753	94	3281
15	847	76	3292
16	923	91	3303
17	1014	31	3314
18	1045	124	3325
19	1169	42	3336
20	1211	116	3348
21	1327	90	3359
22	1417	79	3370
23	1496	46	3382
24	1542	157	3393
25	1699	50	3405
26	1749	87	3417
27	1836	77	3429
28	1913	147	3441
29	2060	39	3453
30	2099	166	3465
31	2265	37	3477
32	2302	111	3489
33	2413	88	3501
34	2501	84	3514
35	2585	85	3526
36	2670	172	3538
37	2842	40	3550
38	2882	97	3562
39	2979	92	3575
40	3071	159	3587
41	3230	49	3599
42	3279	194	3612
43	3473	52	3624
44	3525	128	3637
45	3653	120	3650
46	3773	96	3663
47	3869	50	3676
48	3919	194	3689
49	4113	70	3702
50	4183	123	3715
51	4306	90	3729
52	4396	137	3741
53	4533	51	3755
54	4584	161	3768
55	4745	84	3782
56	4829	185	3795
57	5014	96	3809
58	5110	103	3823
59	5213	58	3836
60	5271	242	3850
61	5513	55	3863
62	5568	99	3876
63	5667	148	3890
64	5815	139	3902
65	5954	87	3916
66	6041	182	3931
67	6223	60	3944
68	6283	131	3958
69	6414	109	3972
70	6523	173	3986
71	6696	67	4001
72	6763	223	4016
73	6986	58	4029
74	7044	106	4043
75	7150	137	4058
76	7287	158	4071
77	7445	111	4087
78	7556	188	4100
79	7744	79	4114
80	7823	195	4129
81	8018	109	4145
82	8127	107	4159
83	8234	67	4173
84	8301	295	4189
85	8596	80	4205
86	8676	107	4219
87	8783	124	4233
88	8907	175	4249
89	9082	66	4265
90	9148	251	4281
91	9399	111	4296
92	9510	158	4312
93	9668	110	4327
94	9778	103	4343
95	9881	106	4359
96	9987	238	4376
97	10225	64	4393
98	10289	157	4409
99	10446	147	4425
100	10593	189	4442
101	10782	82	4459
102	10864	202	4476
103	11066	84	4493
104	11150	180	4510
105	11330	188	4526
106	11518	117	4543
107	11635	82	4561
108	11717	245	4577
109	11962	87	4594
110	12049	177	4611
111	12226	122	4629
112	12348	228	4647
113	12576	74	4665
114	12650	214	4683
115	12864	117	4701
116	12981	152	4719
117	13133	149	4736
118	13282	126	4753
119	13408	109	4772
120	13517	330	4790
121	13847	107	4809
122	13954	128	4826
123	14082	134	4845
124	14216	172	4863
125	14388	118	4882
126	14506	306	4901
127	14812	101	4919
128	14913	196	4938
129	15109	130	4957
130	15239	206	4976
131	15445	98	4995
132	15543	285	5015
133	15828	127	5034
134	15955	133	5051
135	16088	193	5071
136	16281	196	5089
137	16477	95	5107
138	16572	225	5127
139	16797	95	5147
140	16892	290	5165
141	17182	136	5182
142	17318	144	5203
143	17462	138	5223
144	17600	308	5244
145	17908	134	5263
146	18042	138	5284
147	18180	193	5305
148	18373	186	5325
149	18559	116	5346
150	18675	285	5367
151	18960	128	5388
152	19088	232	5410
153	19320	189	5431
154	19509	216	5453
155	19725	135	5475
156	19860	301	5496
157	20161	111	5516
158	20272	150	5539
159	20422	172	5561
160	20594	281	5583
161	20875	154	5605
162	21029	248	5628
163	21277	117	5649
164	21394	199	5672
165	21593	237	5694
166	21830	173	5714
167	22003	127	5737
168	22130	410	5761
169	22540	144	5783
170	22684	225	5806
171	22909	193	5829
172	23102	211	5853
173	23313	132	5876
174	23445	266	5900
175	23711	208	5924
176	23919	254	5948
177	24173	201	5972
178	24374	180	5995
179	24554	138	6019
180	24692	414	6044
181	25106	112	6066
182	25218	227	6091
183	25445	153	6115
184	25598	228	6139
185	25826	128	6163
186	25954	237	6188
187	26191	135	6212
188	26326	174	6237
189	26500	221	6262
190	26721	236	6287
191	26957	117	6312
192	27074	310	6338
193	27384	112	6363
194	27496	148	6389
195	27644	237	6415
196	27881	265	6441
197	28146	125	6467
198	28271	300	6493
199	28571	133	6519
200	28704	287	6545
201	28991	163	6572
202	29154	176	6598
203	29330	151	6625
204	29481	324	6652
205	29805	146	6678
206	29951	165	6705
207	30116	205	6733
208	30321	266	6760
209	30587	154	6786
210	30741	380	6813
211	31121	133	6841
212	31254	222	6869
213	31476	173	6897
214	31649	164	6924
215	31813	160	6952
216	31973	356	6979
217	32329	173	7007
218	32502	177	7035
219	32679	183	7063
220	32862	333	7092
221	33195	176	7122
222	33371	269	7151
223	33640	147	7181
224	33787	321	7211
225	34108	268	7239
226	34376	191	7268
227	34567	141	7299
228	34708	351	7329
229	35059	142	7358
230	35201	264	7389
231	35465	263	7419
232	35728	266	7449
233	35994	143	7480
234	36137	333	7511
235	36470	177	7543
236	36647	229	7573
237	36876	207	7605
238	37083	273	7635
239	37356	146	7666
240	37502	475	7698
241	37977	160	7729
242	38137	229	7759
243	38366	220	7791
244	38586	257	7822
245	38843	228	7855
246	39071	283	7886
247	39354	208	7919
248	39562	266	7952
249	39828	214	7985
250	40042	268	8018
251	40310	169	8052
252	40479	516	8084
253	40995	198	8118
254	41193	221	8151
255	41414	274	8185
256	41688	292	8220
257	41980	161	8254
258	42141	300	8289
259	42441	205	8322
260	42646	358	8357
261	43004	266	8392
262	43270	218	8425
263	43488	179	8460
264	43667	450	8494
265	44117	215	8529
266	44332	308	8565
267	44640	255	8600
268	44895	266	8635
269	45161	195	8670
270	45356	418	8707
271	45774	189	8742
272	45963	320	8779
273	46283	304	8815
274	46587	223	8852
275	46810	256	8888
276	47066	416	8926
277	47482	198	8959
278	47680	231	8996
279	47911	279	9034
280	48190	460	9070
281	48650	194	9106
282	48844	315	9142
283	49159	193	9178
284	49352	288	9216
285	49640	326	9253
286	49966	311	9293
287	50277	248	9330
288	50525	455	9369
289	50980	222	9409
290	51202	320	9448
291	51522	259	9487
292	51781	289	9526
293	52070	229	9566
294	52299	422	9604
295	52721	245	9643
296	52966	349	9682
297	53315	326	9723
298	53641	258	9762
299	53899	256	9803
300	54155	512	9844
301	54667	257	9885
302	54924	283	9924
303	55207	285	9966
304	55492	362	10007
305	55854	249	10048
306	56103	415	10090
307	56518	244	10132
308	56762	456	10173
309	57218	295	10212
310	57513	343	10254
311	57856	244	10298
312	58100	501	10341
313	58601	238	10382
314	58839	269	10425
315	59108	430	10468
316	59538	323	10513
317	59861	246	10557
318	60107	362	10600
319	60469	274	10645
320	60743	438	10690
321	61181	302	10734
322	61483	403	10780
323	61886	271	10825
324	62157	484	10869
325	62641	325	10915
326	62966	304	10960
327	63270	308	11006
328	63578	383	11052
329	63961	315	11099
330	64276	553	11145
331	64829	280	11191
332	65109	357	11238
333	65466	336	11284
334	65802	310	11329
335	66112	286	11377
336	66398	619	11424
337	67017	264	11473
338	67281	355	11519
339	67636	317	11568
340	67953	442	11615
341	68395	314	11664
342	68709	497	11714
343	69206	334	11762
344	69540	417	11810
345	69957	401	11860
346	70358	345	11908
347	70703	272	11957
348	70975	504	12008
349	71479	292	12059
350	71771	488	12110
351	72259	401	12160
352	72660	465	12211
353	73125	297	12261
354	73422	439	12313
355	73861	357	12365
356	74218	391	12417
357	74609	441	12469
358	75050	341	12519
359	75391	308	12571
360	75699	660	12624
361	76359	338	12675
362	76697	337	12726
363	77034	406	12778
364	77440	490	12832
365	77930	349	12885
366	78279	438	12937
367	78717	315	12990
368	79032	441	13045
369	79473	404	13099
370	79877	400	13153
371	80277	375	13209
372	80652	475	13263
373	81127	340	13319
374	81467	405	13372
375	81872	450	13428
376	82322	420	13484
377	82742	369	13541
378	83111	583	13597
379	83694	352	13648
380	84046	515	13704
381	84561	407	13760
382	84968	376	13818
383	85344	348	13876
384	85692	565	13933
385	86257	470	13989
386	86727	381	14048
387	87108	446	14105
388	87554	406	14164
389	87960	361	14223
390	88321	598	14281
391	88919	390	14338
392	89309	535	14397
393	89844	414	14455
394	90258	406	14515
395	90664	390	14576
396	91054	604	14637
397	91658	361	14699
398	92019	401	14759
399	92420	504	14820
400	92924	577	14878
401	93501	371	14940
402	93872	504	15001
403	94376	411	15063
404	94787	443	15125
405	95230	530	15186
406	95760	475	15248
407	96235	419	15309
408	96654	618	15373
409	97272	398	15437
410	97670	480	15500
411	98150	461	15564
412	98611	471	15629
413	99082	451	15694
414	99533	554	15756
415	100087	444	15822
416	100531	546	15886
417	101077	440	15951
418	101517	493	16015
419	102010	410	16080
420	102420	830	16147
421	103250	441	16207
422	103691	439	16273
423	104130	487	16341
424	104617	487	16407
425	105104	468	16474
426	105572	544	16541
427	106116	474	16609
428	106590	504	16678
429	107094	549	16747
430	107643	556	16814
431	108199	418	16881
432	108617	689	16949
433	109306	440	17013
434	109746	562	17083
435	110308	567	17152
436	110875	531	17219
437	111406	461	17290
438	111867	528	17361
439	112395	441	17432
440	112836	671	17504
441	113507	618	17576
442	114125	567	17647
443	114692	471	17718
444	115163	589	17790
445	115752	512	17862
446	116264	488	17934
447	116752	529	18007
448	117281	691	18080
449	117972	466	18154
450	118438	757	18227
451	119195	516	18300
452	119711	549	18374
453	120260	549	18449
454	120809	490	18523
455	121299	582	18597
456	121881	738	18674
457	122619	510	18746
458	123129	511	18822
459	123640	574	18899
460	124214	660	18974
461	124874	544	19049
462	125418	738	19124
463	126156	521	19198
464	126677	616	19274
465	127293	612	19352
466	127905	514	19429
467	128419	489	19508
468	128908	744	19586
469	129652	561	19666
470	130213	614	19745
471	130827	584	19824
472	131411	594	19902
473	132005	581	19982
474	132586	624	20061
475	133210	604	20142
476	133814	724	20222
477	134538	638	20303
478	135176	596	20384
479	135772	532	20466
480	136304	865	20545
481	137169	622	20628
482	137791	609	20711
483	138400	692	20793
484	139092	637	20873
485	139729	607	20953
486	140336	697	21036
487	141033	550	21118
488	141583	649	21201
489	142232	634	21282
490	142866	748	21364
491	143614	575	21447
492	144189	755	21530
493	144944	577	21611
494	145521	672	21697
495	146193	759	21778
496	146952	697	21864
497	147649	651	21947
498	148300	701	22035
499	149001	605	22119
500	149606	752	22207
501	150358	663	22293
502	151021	597	22379
503	151618	574	22463
504	152192	992	22548
505	153184	635	22635
506	153819	740	22723
507	154559	699	22814
508	155258	680	22903
509	155938	644	22991
510	156582	861	23078
511	157443	685	23166
512	158128	734	23256
513	158862	727	23347
514	159589	618	23439
515	160207	651	23527
516	160858	816	23617
517	161674	664	23704
518	162338	743	23796
519	163081	709	23887
520	163790	897	23980
521	164687	662	24072
522	165349	842	24164
523	166191	643	24259
524	166834	696	24350
525	167530	870	24443
526	168400	659	24536
527	169059	669	24631
528	169728	960	24727
529	170688	697	24819
530	171385	775	24910
531	172160	784	25005
532	172944	867	25100
533	173811	709	25192
534	174520	780	25289
535	175300	716	25383
536	176016	759	25480
537	176775	770	25579
538	177545	705	25676
539	178250	740	25774
540	178990	1042	25870
541	180032	732	25967
542	180764	733	26063
543	181497	734	26161
544	182231	844	26259
545	183075	767	26357
546	183842	953	26455
547	184795	725	26553
548	185520	761	26654
549	186281	754	26755
550	187035	867	26854
551	187902	773	26957
552	188675	940	27057
553	189615	795	27158
554	190410	763	27261
555	191173	821	27362
556	191994	837	27465
557	192831	747	27568
558	193578	851	27671
559	194429	788	27774
560	195217	1038	27878
561	196255	873	27982
562	197128	805	28088
563	197933	754	28190
564	198687	918	28296
565	199605	819	28400
566	200424	817	28502
567	201241	903	28606
568	202144	854	28708
569	202998	800	28816
570	203798	979	28923
571	204777	817	29031
572	205594	960	29135
573	206554	833	29241
574	207387	850	29345
575	208237	879	29455
576	209116	1069	29564
577	210185	816	29671
578	211001	886	29781
579	211887	855	29890
580	212742	979	30001
581	213721	883	30108
582	214604	909	30217
583	215513	863	30329
584	216376	924	30440
585	217300	1038	30551
586	218338	895	30662
587	219233	806	30768
588	220039	1122	30880
589	221161	877	30991
590	222038	936	31102
591	222974	853	31213
592	223827	939	31327
593	224766	885	31439
594	225651	1090	31550
595	226741	975	31665
596	227716	960	31778
597	228676	924	31893
598	229600	951	32006
599	230551	864	32120
600	231415	1241	32235
601	232656	924	32350
602	233580	1022	32466
603	234602	933	32583
604	235535	945	32701
605	236480	960	32817
606	237440	974	32933
607	238414	930	33048
608	239344	1046	33165
609	240390	1030	33282
610	241420	1048	33399
611	242468	960	33512
612	243428	1132	33628
613	244560	940	33744
614	245500	900	33862
615	246400	1054	33980
616	247454	1171	34099
617	248625	991	34216
618	249616	1038	34335
619	250654	966	34454
620	251620	1094	34572
621	252714	1063	34693
622	253777	953	34813
623	254730	1007	34933
624	255737	1226	35051
625	256963	1056	35169
626	258019	987	35291
627	259006	1103	35411
628	260109	1035	35533
629	261144	991	35654
630	262135	1351	35776
631	263486	976	35898
632	264462	1117	36021
633	265579	1043	36143
634	266622	1019	36262
635	267641	1059	36383
636	268700	1176	36506
637	269876	1053	36629
638	270929	1081	36750
639	272010	1118	36874
640	273128	1253	36999
641	274381	1110	37127
642	275491	1058	37246
643	276549	1023	37372
644	277572	1232	37498
645	278804	1182	37626
646	279986	1129	37751
647	281115	1038	37877
648	282153	1284	38002
649	283437	1098	38128
650	284535	1239	38255
651	285774	1174	38380
652	286948	1099	38508
653	288047	1122	38635
654	289169	1114	38763
655	290283	1123	38888
656	291406	1189	39012
657	292595	1167	39137
658	293762	1236	39267
659	294998	1120	39396
660	296118	1467	39524
661	297585	1162	39650
662	298747	1152	39774
663	299899	1228	39903
664	301127	1217	40033
665	302344	1251	40164
666	303595	1314	40295
667	304909	1196	40426
668	306105	1176	40559
669	307281	1182	40687
670	308463	1206	40816
671	309669	1188	40947
672	310857	1527	41079
673	312384	1165	41204
674	313549	1199	41334
675	314748	1353	41466
676	316101	1219	41597
677	317320	1186	41729
678	318506	1217	41860
679	319723	1231	41994
680	320954	1412	42128
681	322366	1225	42263
682	323591	1266	42400
683	324857	1159	42533
684	326016	1425	42666
685	327441	1287	42801
686	328728	1324	42936
687	330052	1242	43071
688	331294	1329	43202
689	332623	1279	43338
690	333902	1452	43469
691	335354	1277	43606
692	336631	1279	43744
693	337910	1426	43878
694	339336	1234	44015
695	340570	1275	44148
696	341845	1421	44286
697	343266	1301	44420
698	344567	1270	44553
699	345837	1334	44691
700	347171	1520	44825
701	348691	1280	44963
702	349971	1478	45097
703	351449	1306	45232
704	352755	1460	45370
705	354215	1373	45509
706	355588	1300	45645
707	356888	1348	45783
708	358236	1460	45922
709	359696	1328	46061
710	361024	1409	46200
711	362433	1410	46338
712	363843	1381	46477
713	365224	1405	46614
714	366629	1541	46752
715	368170	1431	46889
716	369601	1376	47028
717	370977	1361	47166
718	372338	1366	47303
719	373704	1340	47442
720	375044	1774	47583
721	376818	1431	47724
722	378249	1413	47861
723	379662	1390	48001
724	381052	1351	48141
725	382403	1438	48280
726	383841	1516	48421
727	385357	1426	48558
728	386783	1580	48699
729	388363	1508	48841
730	389871	1473	48981
731	391344	1397	49123
732	392741	1501	49264
733	394242	1414	49406
734	395656	1438	49545
735	397094	1585	49687
736	398679	1537	49827
737	400216	1467	49967
738	401683	1576	50107
739	403259	1405	50247
740	404664	1560	50391
741	406224	1498	50533
742	407722	1528	50675
743	409250	1458	50820
744	410708	1566	50958
745	412274	1540	51098
746	413814	1477	51238
747	415291	1533	51379
748	416824	1571	51524
749	418395	1503	51669
750	419898	1651	51813
751	421549	1539	51956
752	423088	1526	52099
753	424614	1549	52239
754	426163	1622	52379
755	427785	1524	52522
756	429309	1760	52662
757	431069	1460	52805
758	432529	1529	52950
759	434058	1602	53095
760	435660	1680	53238
761	437340	1568	53380
762	438908	1610	53523
763	440518	1562	53661
764	442080	1494	53802
765	443574	1714	53946
766	445288	1533	54086
767	446821	1595	54228
768	448416	1714	54371
769	450130	1569	54511
770	451699	1780	54651
771	453479	1593	54791
772	455072	1564	54935
773	456636	1550	55078
774	458186	1623	55218
775	459809	1609	55362
776	461418	1577	55509
777	462995	1727	55650
778	464722	1597	55792
779	466319	1606	55935
780	467925	1893	56080
781	469818	1626	56224
782	471444	1671	56366
783	473115	1640	56513
784	474755	1790	56657
785	476545	1674	56805
786	478219	1659	56946
787	479878	1598	57091
788	481476	1592	57235
789	483068	1673	57381
790	484741	1712	57526
791	486453	1638	57671
792	488091	1903	57816
793	489994	1677	57960
794	491671	1639	58105
795	493310	1725	58248
796	495035	1614	58389
797	496649	1685	58533
798	498334	1885	58679
799	500219	1636	58826
800	501855	1806	58972
801	503661	1727	59115
802	505388	1662	59258
803	507050	1729	59403
804	508779	1790	59548
805	510569	1773	59686
806	512342	1730	59829
807	514072	1765	59974
808	515837	1694	60113
809	517531	1716	60256
810	519247	1961	60404
811	521208	1687	60550
812	522895	1825	60696
813	524720	1712	60841
814	526432	1766	60982
815	528198	1727	61124
816	529925	1910	61269
817	531835	1795	61409
818	533630	1721	61551
819	535351	1881	61696
820	537232	1874	61840
821	539106	1754	61984
822	540860	1768	62130
823	542628	1736	62273
824	544364	1781	62415
825	546145	1959	62560
826	548104	1846	62701
827	549950	1777	62849
828	551727	2018	62993
829	553745	1804	63137
830	555549	1792	63282
831	557341	1814	63428
832	559155	1867	63574
833	561022	1873	63716
834	562895	1852	63861
835	564747	1821	64005
836	566568	1887	64149
837	568455	1925	64292
838	570380	1770	64437
839	572150	1765	64578
840	573915	2262	64720
841	576177	1861	64862
842	578038	1912	65004
843	579950	1906	65145
844	581856	1857	65291
845	583713	1903	65438
846	585616	1921	65581
847	587537	1891	65724
848	589428	1925	65867
849	591353	1932	66006
850	593285	2015	66147
851	595300	1948	66284
852	597248	1984	66422
853	599232	1869	66566
854	601101	1906	66708
855	603007	2056	66846
856	605063	1889	66987
857	606952	1928	67131
858	608880	2080	67275
859	610960	1846	67410
860	612806	1948	67551
861	614754	1973	67693
862	616727	1922	67836
863	618649	1869	67973
864	620518	2146	68115
865	622664	1956	68253
866	624620	1975	68393
867	626595	1979	68531
868	628574	2080	68670
869	630654	2025	68809
870	632679	2154	68946
871	634833	1970	69082
872	636803	1963	69222
873	638766	1973	69359
874	640739	2089	69497
875	642828	2089	69639
876	644917	2033	69777
877	646950	1964	69917
878	648914	1913	70058
879	650827	2019	70200
880	652846	2241	70335
881	655087	1970	70468
882	657057	2233	70609
883	659290	1969	70750
884	661259	2064	70885
885	663323	2107	71020
886	665430	1970	71158
887	667400	1973	71295
888	669373	2194	71429
889	671567	2076	71567
890	673643	2054	71706
891	675697	2110	71844
892	677807	2048	71978
893	679855	2062	72111
894	681917	2052	72245
895	683969	2053	72381
896	686022	2161	72517
897	688183	2153	72650
898	690336	2109	72784
899	692445	2000	72920
900	694445	2353	73057
901	696798	2062	73189
902	698860	2104	73324
903	700964	2138	73456
904	703102	2051	73587
905	705153	2105	73722
906	707258	2131	73857
907	709389	2044	73991
908	711433	2029	74128
909	713462	2103	74263
910	715565	2197	74394
911	717762	2078	74525
912	719840	2250	74657
913	722090	2153	74784
914	724243	2128	74915
915	726371	2150	75047
916	728521	2088	75181
917	730609	2113	75311
918	732722	2238	75444
919	734960	2099	75576
920	737059	2225	75706
921	739284	2196	75835
922	741480	2092	75967
923	743572	2094	76099
924	745666	2433	76231
925	748099	2118	76361
926	750217	2122	76492
927	752339	2176	76624
928	754515	2230	76755
929	756745	2112	76883
930	758857	2271	77009
931	761128	2115	77138
932	763243	2145	77264
933	765388	2210	77389
934	767598	2172	77519
935	769770	2210	77650
936	771980	2443	77776
937	774423	2155	77902
938	776578	2248	78029
939	778826	2137	78156
940	780963	2190	78284
941	783153	2213	78412
942	785366	2167	78536
943	787533	2258	78664
944	789791	2243	78791
945	792034	2379	78916
946	794413	2322	79036
947	796735	2145	79158
948	798880	2213	79283
949	801093	2205	79411
950	803298	2244	79534
951	805542	2200	79661
952	807742	2330	79786
953	810072	2237	79909
954	812309	2373	80031
955	814682	2166	80153
956	816848	2092	80280
957	818940	2278	80406
958	821218	2212	80527
959	823430	2227	80642
960	825657	2525	80766
961	828182	2212	80888
962	830394	2298	81010
963	832692	2301	81131
964	834993	2251	81247
965	837244	2249	81369
966	839493	2412	81493
967	841905	2183	81615
968	844088	2340	81737
969	846428	2357	81858
970	848785	2290	81972
971	851075	2213	82094
972	853288	2381	82209
973	855669	2237	82326
974	857906	2301	82445
975	860207	2309	82567
976	862516	2299	82684
977	864815	2273	82798
978	867088	2302	82917
979	869390	2274	83032
980	871664	2446	83150
981	874110	2333	83261
982	876443	2315	83377
983	878758	2263	83498
984	881021	2451	83615
985	883472	2286	83724
986	885758	2374	83840
987	888132	2424	83950
988	890556	2376	84064
989	892932	2351	84180
990	895283	2573	84292
991	897856	2308	84402
992	900164	2329	84518
993	902493	2399	84628
994	904892	2372	84737
995	907264	2288	84852
996	909552	2409	84958
997	911961	2311	85071
998	914272	2295	85181
999	916567	2354	85292
1000	918921	2465	85407
1001	921386	2550	85515
1002	923936	2360	85626
1003	926296	2263	85736
1004	928559	2317	85844
1005	930876	2425	85956
1006	933301	2308	86067
1007	935609	2360	86177
1008	937969	2773	86287
1009	940742	2295	86399
1010	943037	2473	86507
1011	945510	2333	86618
1012	947843	2455	86729
1013	950298	2395	86835
1014	952693	2495	86940
1015	955188	2441	87044
1016	957629	2396	87152
1017	960025	2431	87255
1018	962456	2427	87358
1019	964883	2301	87461
1020	967184	2556	87567
1021	969740	2380	87674
1022	972120	2445	87776
1023	974565	2438	87883
1024	977003	2458	87990
1025	979461	2362	88096
1026	981823	2499	88201
1027	984322	2484	88303
1028	986806	2352	88407
1029	989158	2451	88512
1030	991609	2419	88613
1031	994028	2471	88717
1032	996499	2579	88818
1033	999078	2393	88922
1034	1001471	2506	89026
1035	1003977	2516	89128
1036	1006493	2577	89230
1037	1009070	2490	89333
1038	1011560	2423	89430
1039	1013983	2416	89535
1040	1016399	2634	89639
1041	1019033	2479	89741
1042	1021512	2444	89842
1043	1023956	2409	89939
1044	1026365	2661	90040
1045	1029026	2526	90133
1046	1031552	2401	90223
1047	1033953	2477	90327
1048	1036430	2483	90428
1049	1038913	2435	90527
1050	1041348	2770	90626
1051	1044118	2401	90719
1052	1046519	2491	90816
1053	1049010	2597	90914
1054	1051607	2436	91013
1055	1054043	2371	91106
1056	1056414	2680	91200
1057	1059094	2514	91297
1058	1061608	2509	91389
1059	1064117	2446	91484
1060	1066563	2573	91575
1061	1069136	2426	91666
1062	1071562	2549	91763
1063	1074111	2403	91858
1064	1076514	2670	91951
1065	1079184	2581	92044
1066	1081765	2564	92133
1067	1084329	2464	92228
1068	1086793	2573	92318
1069	1089366	2458	92408
1070	1091824	2539	92497
1071	1094363	2645	92589
1072	1097008	2516	92677
1073	1099524	2520	92762
1074	1102044	2527	92851
1075	1104571	2551	92943
1076	1107122	2528	93033
1077	1109650	2506	93116
1078	1112156	2632	93206
1079	1114788	2486	93294
1080	1117274	2812	93382
