0	8668
1	8695
2	8722
3	8749
4	8776
5	8803
6	8830
7	8858
8	8885
9	8913
10	8940
11	8968
12	8996
13	9024
14	9052
15	9080
16	9109
17	9137
18	9166
19	9194
20	9223
21	9252
22	9281
23	9310
24	9339
25	9368
26	9398
27	9427
28	9457
29	9486
30	9516
31	9546
32	9576
33	9606
34	9636
35	9667
36	9697
37	9728
38	9758
39	9789
40	9820
41	9851
42	9882
43	9913
44	9945
45	9976
46	10008
47	10040
48	10071
49	10103
50	10135
51	10167
52	10200
53	10232
54	10265
55	10297
56	10330
57	10363
58	10396
59	10429
60	10462
61	10496
62	10529
63	10563
64	10596
65	10630
66	10664
67	10698
68	10732
69	10767
70	10801
71	10836
72	10871
73	10905
74	10940
75	10975
76	11011
77	11046
78	11081
79	11117
80	11153
81	11189
82	11225
83	11261
84	11297
85	11333
86	11370
87	11406
88	11443
89	11480
90	11517
91	11554
92	11592
93	11629
94	11667
95	11704
96	11742
97	11780
98	11818
99	11857
100	11895
101	11934
102	11972
103	12011
104	12050
105	12089
106	12128
107	12168
108	12207
109	12247
110	12287
111	12327
112	12367
113	12407
114	12447
115	12488
116	12529
117	12569
118	12610
119	12651
120	12693
121	12734
122	12776
123	12817
124	12859
125	12901
126	12943
127	12986
128	13028
129	13071
130	13114
131	13157
132	13200
133	13243
134	13286
135	13330
136	13373
137	13417
138	13461
139	13505
140	13550
141	13594
142	13639
143	13684
144	13729
145	13774
146	13819
147	13865
148	13910
149	13956
150	14002
151	14048
152	14094
153	14141
154	14187
155	14234
156	14281
157	14328
158	14375
159	14423
160	14470
161	14518
162	14566
163	14614
164	14662
165	14711
166	14759
167	14808
168	14857
169	14906
170	14956
171	15005
172	15055
173	15105
174	15155
175	15205
176	15255
177	15306
178	15356
179	15407
180	15459
181	15510
182	15561
183	15613
184	15665
185	15717
186	15769
187	15821
188	15874
189	15927
190	15979
191	16033
192	16086
193	16139
194	16193
195	16247
196	16301
197	16355
198	16410
199	16464
200	16519
201	16574
202	16629
203	16685
204	16740
205	16796
206	16852
207	16908
208	16965
209	17021
210	17078
211	17135
212	17192
213	17250
214	17307
215	17365
216	17423
217	17481
218	17540
219	17598
220	17657
221	17716
222	17775
223	17835
224	17894
225	17954
226	18014
227	18074
228	18135
229	18196
230	18256
231	18318
232	18379
233	18440
234	18502
235	18564
236	18626
237	18689
238	18751
239	18814
240	18877
241	18940
242	19004
243	19068
244	19131
245	19196
246	19260
247	19325
248	19389
249	19454
250	19520
251	19585
252	19651
253	19717
254	19783
255	19849
256	19916
257	19983
258	20050
259	20117
260	20185
261	20253
262	20321
263	20389
264	20457
265	20526
266	20595
267	20664
268	20734
269	20803
270	20873
271	20943
272	21014
273	21085
274	21155
275	21227
276	21298
277	21370
278	21441
279	21513
280	21586
281	21658
282	21731
283	21804
284	21878
285	21951
286	22025
287	22099
288	22174
289	22248
290	22323
291	22398
292	22474
293	22549
294	22625
295	22701
296	22778
297	22854
298	22931
299	23008
300	23086
301	23164
302	23242
303	23320
304	23398
305	23477
306	23556
307	23635
308	23715
309	23795
310	23875
311	23955
312	24036
313	24117
314	24198
315	24280
316	24361
317	24443
318	24526
319	24608
320	24691
321	24774
322	24858
323	24941
324	25025
325	25110
326	25194
327	25279
328	25364
329	25450
330	25535
331	25621
332	25707
333	25794
334	25881
335	25968
336	26055
337	26143
338	26231
339	26319
340	26408
341	26497
342	26586
343	26675
344	26765
345	26855
346	26946
347	27036
348	27127
349	27219
350	27310
351	27402
352	27494
353	27587
354	27679
355	27773
356	27866
357	27960
358	28054
359	28148
360	28243
361	28338
362	28433
363	28529
364	28624
365	28721
366	28817
367	28914
368	29011
369	29109
370	29206
371	29305
372	29403
373	29502
374	29601
375	29700
376	29800
377	29900
378	30000
379	30101
380	30202
381	30304
382	30405
383	30507
384	30610
385	30712
386	30815
387	30919
388	31023
389	31127
390	31231
391	31336
392	31441
393	31546
394	31652
395	31758
396	31864
397	31971
398	32078
399	32186
400	32293
401	32402
402	32510
403	32619
404	32728
405	32838
406	32948
407	33058
408	33168
409	33279
410	33391
411	33502
412	33614
413	33727
414	33839
415	33953
416	34066
417	34180
418	34294
419	34409
420	34523
421	34639
422	34754
423	34870
424	34987
425	35103
426	35221
427	35338
428	35456
429	35574
430	35693
431	35812
432	35931
433	36051
434	36171
435	36291
436	36412
437	36533
438	36655
439	36777
440	36899
441	37022
442	37145
443	37269
444	37393
445	37517
446	37642
447	37767
448	37892
449	38018
450	38144
451	38271
452	38398
453	38525
454	38653
455	38782
456	38910
457	39039
458	39169
459	39298
460	39429
461	39559
462	39690
463	39822
464	39953
465	40086
466	40218
467	40351
468	40485
469	40619
470	40753
471	40888
472	41023
473	41158
474	41294
475	41430
476	41567
477	41704
478	41842
479	41980
480	42118
481	42257
482	42396
483	42536
484	42676
485	42817
486	42957
487	43099
488	43241
489	43383
490	43525
491	43669
492	43812
493	43956
494	44100
495	44245
496	44390
497	44536
498	44682
499	44829
500	44976
501	45123
502	45271
503	45419
504	45568
505	45717
506	45867
507	46017
508	46167
509	46318
510	46469
511	46621
512	46774
513	46926
514	47079
515	47233
516	47387
517	47542
518	47697
519	47852
520	48008
521	48164
522	48321
523	48478
524	48636
525	48794
526	48953
527	49112
528	49271
529	49431
530	49592
531	49753
532	49914
533	50076
534	50238
535	50401
536	50564
537	50728
538	50892
539	51057
540	51222
541	51388
542	51554
543	51720
544	51887
545	52055
546	52223
547	52391
548	52560
549	52729
550	52899
551	53070
552	53241
553	53412
554	53584
555	53756
556	53929
557	54102
558	54276
559	54450
560	54625
561	54800
562	54976
563	55152
564	55328
565	55506
566	55683
567	55861
568	56040
569	56219
570	56399
571	56579
572	56760
573	56941
574	57122
575	57304
576	57487
577	57670
578	57854
579	58038
580	58222
581	58408
582	58593
583	58779
584	58966
585	59153
586	59341
587	59529
588	59718
589	59907
590	60096
591	60287
592	60477
593	60668
594	60860
595	61052
596	61245
597	61438
598	61632
599	61826
600	62021
601	62216
602	62412
603	62609
604	62805
605	63003
606	63201
607	63399
608	63598
609	63798
610	63998
611	64198
612	64399
613	64601
614	64803
615	65005
616	65208
617	65412
618	65616
619	65821
620	66026
621	66232
622	66438
623	66645
624	66852
625	67060
626	67269
627	67478
628	67687
629	67897
630	68108
631	68319
632	68530
633	68742
634	68955
635	69168
636	69382
637	69596
638	69811
639	70027
640	70242
641	70459
642	70676
643	70893
644	71111
645	71330
646	71549
647	71769
648	71989
649	72210
650	72431
651	72653
652	72875
653	73098
654	73322
655	73546
656	73770
657	73995
658	74221
659	74447
660	74674
661	74901
662	75129
663	75357
664	75586
665	75816
666	76046
667	76276
668	76507
669	76739
670	76971
671	77204
672	77437
673	77671
674	77905
675	78140
676	78376
677	78612
678	78848
679	79086
680	79323
681	79562
682	79800
683	80040
684	80280
685	80520
686	80761
687	81003
688	81245
689	81487
690	81731
691	81974
692	82219
693	82464
694	82709
695	82955
696	83202
697	83449
698	83696
699	83945
700	84193
701	84443
702	84692
703	84943
704	85194
705	85445
706	85697
707	85950
708	86203
709	86457
710	86711
711	86966
712	87221
713	87477
714	87734
715	87991
716	88249
717	88507
718	88765
719	89025
720	89285
721	89545
722	89806
723	90067
724	90329
725	90592
726	90855
727	91119
728	91383
729	91648
730	91913
731	92179
732	92445
733	92712
734	92980
735	93248
736	93517
737	93786
738	94056
739	94326
740	94597
741	94868
742	95140
743	95413
744	95686
745	95959
746	96233
747	96508
748	96783
749	97059
750	97335
751	97612
752	97890
753	98168
754	98446
755	98725
756	99005
757	99285
758	99566
759	99847
760	100129
761	100411
762	100694
763	100977
764	101261
765	101545
766	101830
767	102116
768	102402
769	102689
770	102976
771	103263
772	103552
773	103840
774	104130
775	104420
776	104710
777	105001
778	105292
779	105584
780	105877
781	106170
782	106463
783	106757
784	107052
785	107347
786	107643
787	107939
788	108235
789	108533
790	108830
791	109129
792	109427
793	109727
794	110027
795	110327
796	110628
797	110929
798	111231
799	111534
800	111836
801	112140
802	112444
803	112748
804	113053
805	113359
806	113665
807	113971
808	114278
809	114586
810	114894
811	115202
812	115511
813	115821
814	116131
815	116442
816	116753
817	117064
818	117376
819	117689
820	118002
821	118315
822	118629
823	118944
824	119259
825	119574
826	119890
827	120207
828	120524
829	120841
830	121159
831	121478
832	121796
833	122116
834	122436
835	122756
836	123077
837	123398
838	123720
839	124042
840	124365
841	124688
842	125012
843	125336
844	125660
845	125985
846	126311
847	126637
848	126963
849	127290
850	127617
851	127945
852	128273
853	128602
854	128931
855	129261
856	129591
857	129922
858	130253
859	130584
860	130916
861	131248
862	131581
863	131914
864	132248
865	132582
866	132916
867	133251
868	133586
869	133922
870	134258
871	134595
872	134932
873	135269
874	135607
875	135946
876	136284
877	136624
878	136963
879	137303
880	137644
881	137984
882	138326
883	138667
884	139009
885	139352
886	139694
887	140038
888	140381
889	140725
890	141070
891	141415
892	141760
893	142105
894	142451
895	142798
896	143144
897	143492
898	143839
899	144187
900	144535
901	144884
902	145233
903	145582
904	145932
905	146282
906	146632
907	146983
908	147334
909	147686
910	148038
911	148390
912	148743
913	149096
914	149449
915	149803
916	150157
917	150511
918	150866
919	151221
920	151576
921	151932
922	152288
923	152644
924	153001
925	153358
926	153715
927	154073
928	154431
929	154789
930	155148
931	155506
932	155866
933	156225
934	156585
935	156945
936	157306
937	157666
938	158027
939	158389
940	158750
941	159112
942	159474
943	159837
944	160200
945	160563
946	160926
947	161289
948	161653
949	162017
950	162382
951	162747
952	163111
953	163477
954	163842
955	164208
956	164574
957	164940
958	165306
959	165673
960	166040
961	166407
962	166775
963	167142
964	167510
965	167879
966	168247
967	168616
968	168984
969	169353
970	169723
971	170092
972	170462
973	170832
974	171202
975	171572
976	171943
977	172314
978	172685
979	173056
980	173427
981	173799
982	174171
983	174542
984	174915
985	175287
986	175659
987	176032
988	176405
989	176778
990	177151
991	177524
992	177898
993	178272
994	178645
995	179019
996	179394
997	179768
998	180142
999	180517
1000	180892
1001	181267
1002	181642
1003	182017
1004	182392
1005	182767
1006	183143
1007	183519
1008	183894
1009	184270
1010	184646
1011	185023
1012	185399
1013	185775
1014	186152
1015	186528
1016	186905
1017	187282
1018	187659
1019	188036
1020	188413
1021	188790
1022	189167
1023	189545
1024	189922
1025	190299
1026	190677
1027	191055
1028	191432
1029	191810
1030	192188
1031	192566
1032	192944
1033	193322
1034	193700
1035	194078
1036	194456
1037	194835
1038	195213
1039	195591
1040	195969
1041	196348
1042	196726
1043	197105
1044	197483
1045	197862
1046	198240
1047	198619
1048	198997
1049	199376
1050	199754
1051	200133
1052	200511
1053	200890
1054	201269
1055	201647
1056	202026
1057	202404
1058	202783
1059	203161
1060	203540
1061	203918
1062	204297
1063	204675
1064	205054
1065	205432
1066	205810
1067	206189
1068	206567
1069	206945
1070	207323
1071	207702
1072	208080
1073	208458
1074	208836
1075	209214
1076	209591
1077	209969
1078	210347
1079	210725
1080	211102
